,Dates,region,CumTotal,NewCases,NewPerPop,CumPerPop,New_Tests,Cases,Negative,Hospitalized,Deaths,Total_Tests
1,X1.25.20,Florida,0,0,0,0,0,0,0,0,0,0
2,X1.26.20,Florida,0,0,0,0,0,0,0,0,0,0
3,X1.27.20,Florida,0,0,0,0,0,0,0,0,0,0
4,X1.28.20,Florida,0,0,0,0,0,0,0,0,0,0
5,X1.29.20,Florida,0,0,0,0,0,0,0,0,0,0
6,X1.30.20,Florida,0,0,0,0,0,0,0,0,0,0
7,X1.31.20,Florida,0,0,0,0,0,0,0,0,0,0
8,X2.1.20,Florida,0,0,0,0,0,0,0,0,0,0
9,X2.2.20,Florida,0,0,0,0,0,0,0,0,0,0
10,X2.3.20,Florida,0,0,0,0,0,0,0,0,0,0
11,X2.4.20,Florida,0,0,0,0,0,0,0,0,0,0
12,X2.5.20,Florida,0,0,0,0,0,0,0,0,0,0
13,X2.6.20,Florida,0,0,0,0,0,0,0,0,0,0
14,X2.7.20,Florida,0,0,0,0,0,0,0,0,0,0
15,X2.8.20,Florida,0,0,0,0,0,0,0,0,0,0
16,X2.9.20,Florida,0,0,0,0,0,0,0,0,0,0
17,X2.10.20,Florida,0,0,0,0,0,0,0,0,0,0
18,X2.11.20,Florida,0,0,0,0,0,0,0,0,0,0
19,X2.12.20,Florida,0,0,0,0,0,0,0,0,0,0
20,X2.13.20,Florida,0,0,0,0,0,0,0,0,0,0
21,X2.14.20,Florida,0,0,0,0,0,0,0,0,0,0
22,X2.15.20,Florida,0,0,0,0,0,0,0,0,0,0
23,X2.16.20,Florida,0,0,0,0,0,0,0,0,0,0
24,X2.17.20,Florida,0,0,0,0,0,0,0,0,0,0
25,X2.18.20,Florida,0,0,0,0,0,0,0,0,0,0
26,X2.19.20,Florida,0,0,0,0,0,0,0,0,0,0
27,X2.20.20,Florida,0,0,0,0,0,0,0,0,0,0
28,X2.21.20,Florida,0,0,0,0,0,0,0,0,0,0
29,X2.22.20,Florida,0,0,0,0,0,0,0,0,0,0
30,X2.23.20,Florida,0,0,0,0,0,0,0,0,0,0
31,X2.24.20,Florida,0,0,0,0,0,0,0,0,0,0
32,X2.25.20,Florida,0,0,0,0,0,0,0,0,0,0
33,X2.26.20,Florida,0,0,0,0,0,0,0,0,0,0
34,X2.27.20,Florida,0,0,0,0,0,0,0,0,0,0
35,X2.28.20,Florida,0,0,0,0,0,0,0,0,0,0
36,X2.29.20,Florida,0,0,0,0,0,0,0,0,0,0
37,X3.1.20,Florida,0,0,0,0,0,0,0,0,0,0
38,X3.2.20,Florida,1,1,0.0047,0.0047,0,0,0,0,0,0
39,X3.3.20,Florida,2,1,0.0047,0.0093,0,0,0,0,0,0
40,X3.4.20,Florida,2,0,0,0.0093,0,2,24,0,0,26
41,X3.5.20,Florida,3,1,0.0047,0.014,14,9,31,0,0,40
42,X3.6.20,Florida,3,0,0,0.014,24,9,55,0,0,64
43,X3.7.20,Florida,7,4,0.0186,0.0326,50,14,100,0,0,114
44,X3.8.20,Florida,10,3,0.014,0.0466,21,17,118,0,0,135
45,X3.9.20,Florida,13,3,0.014,0.0605,23,18,140,0,0,158
46,X3.10.20,Florida,15,2,0.0093,0.0698,83,19,222,0,0,241
47,X3.11.20,Florida,24,9,0.0419,0.1117,88,28,301,0,2,329
48,X3.12.20,Florida,30,6,0.0279,0.1397,4,32,301,0,2,333
49,X3.13.20,Florida,50,20,0.0931,0.2328,195,50,478,0,2,528
50,X3.14.20,Florida,76,26,0.1211,0.3539,27,77,478,0,3,555
51,X3.15.20,Florida,100,24,0.1117,0.4656,239,116,678,0,4,794
52,X3.16.20,Florida,101,1,0.0047,0.4703,31,141,684,0,4,825
53,X3.17.20,Florida,190,89,0.4144,0.8846,301,186,940,0,6,1126
54,X3.18.20,Florida,306,116,0.5401,1.4247,413,314,1225,0,7,1539
55,X3.19.20,Florida,432,126,0.5867,2.0114,384,390,1533,0,8,1923
56,X3.20.20,Florida,564,132,0.6146,2.626,467,520,1870,0,10,2390
57,X3.21.20,Florida,763,199,0.9265,3.5525,4847,658,6579,158,12,7237
58,X3.22.20,Florida,1004,241,1.1221,4.6746,1583,830,7990,185,13,8820
59,X3.23.20,Florida,1227,223,1.0383,5.7129,3414,1171,11063,217,14,12234
60,X3.24.20,Florida,1412,185,0.8614,6.5742,2305,1412,13127,259,18,14539
61,X3.25.20,Florida,1682,270,1.2571,7.8314,2517,1682,15374,316,22,17056
62,X3.26.20,Florida,2357,675,3.1428,10.9742,9040,2355,23741,406,28,26096
63,X3.27.20,Florida,2900,543,2.5282,13.5024,4855,2765,28186,456,34,30951
64,X3.28.20,Florida,3763,863,4.0181,17.5205,8178,3763,35366,526,54,39129
65,X3.29.20,Florida,4246,483,2.2488,19.7693,4187,4246,39070,594,56,43316
66,X3.30.20,Florida,5473,1227,5.7129,25.4822,10382,5473,48225,652,63,53698
67,X3.31.20,Florida,6741,1268,5.9038,31.386,6925,6338,54285,823,77,60623
68,X4.1.20,Florida,6956,215,1.001,32.387,5861,6955,59529,949,87,66484
69,X4.2.20,Florida,9008,2052,9.5541,41.9411,10812,8010,69286,1123,128,77296
70,X4.3.20,Florida,10268,1260,5.8665,47.8076,14426,9585,82137,1287,163,91722
71,X4.4.20,Florida,11537,1269,5.9084,53.7161,10345,11111,90956,1462,191,102067
72,X4.5.20,Florida,12350,813,3.7853,57.5014,11337,12151,101253,1572,218,113404
73,X4.6.20,Florida,13324,974,4.5349,62.0363,9870,13324,109950,1682,236,123274
74,X4.7.20,Florida,14545,1221,5.685,67.7213,14888,14747,123415,1999,296,138162
75,X4.8.20,Florida,15456,911,4.2416,71.9629,4972,15455,127679,2062,309,143134
76,X4.9.20,Florida,16364,908,4.2276,76.1905,9415,16364,136185,2268,354,152549
77,X4.10.20,Florida,17531,1167,5.4335,81.6241,10281,17531,145299,2487,390,162830
78,X4.11.20,Florida,18494,963,4.4837,86.1078,10103,18494,154439,2661,438,172933
79,X4.12.20,Florida,19895,1401,6.523,92.6308,9820,19355,163398,2772,465,182753
80,X4.13.20,Florida,21019,1124,5.2333,97.8641,13454,20601,175606,2833,483,196207
81,X4.14.20,Florida,21628,609,2.8355,100.6996,6973,21367,181813,3060,537,203180
82,X4.15.20,Florida,22511,883,4.1112,104.8109,10329,22511,190998,3344,609,213509
83,X4.16.20,Florida,23343,832,3.8738,108.6846,5739,22897,196351,3460,646,219248
84,X4.17.20,Florida,24759,1416,6.5929,115.2775,15589,24119,210718,3665,699,234837
85,X4.18.20,Florida,25492,733,3.4128,118.6903,11690,25269,221258,3842,754,246527
86,X4.19.20,Florida,26314,822,3.8272,122.5176,9552,25996,230083,3930,781,256079
87,X4.20.20,Florida,27059,745,3.4687,125.9863,10146,26660,239565,4010,806,266225
88,X4.21.20,Florida,27869,810,3.7713,129.7576,10834,27495,249564,4235,856,277059
89,X4.22.20,Florida,28309,440,2.0486,131.8063,11568,28309,260318,4469,910,288627
90,X4.23.20,Florida,29648,1339,6.2344,138.0406,8081,28832,267876,4693,979,296708
91,X4.24.20,Florida,30533,885,4.1205,142.1612,20251,30174,286785,4888,1031,316959
92,X4.25.20,Florida,30839,306,1.4247,143.5859,16140,30839,302260,5045,1075,333099
93,X4.26.20,Florida,31532,693,3.2266,146.8125,11514,31528,313085,5155,1094,344613
94,X4.27.20,Florida,32138,606,2.8215,149.634,11850,32138,324325,5211,1101,356463
95,X4.28.20,Florida,32848,710,3.3057,152.9398,10412,32846,334029,5266,1154,366875
96,X4.29.20,Florida,33193,345,1.6063,154.5461,6613,33193,340295,5624,1240,373488
97,X4.30.20,Florida,33690,497,2.314,156.8601,8917,33690,348715,5795,1290,382405
98,X5.1.20,Florida,34728,1038,4.8329,161.693,20294,34728,367971,5795,1314,402699
99,X5.2.20,Florida,35463,735,3.4221,165.1152,13313,35463,380549,5945,1388,416012
100,X5.3.20,Florida,36078,615,2.8634,167.9786,12177,36078,392111,6244,1403,428189
101,X5.4.20,Florida,36897,819,3.8133,171.7918,16081,36897,407373,6329,1423,444270
102,X5.5.20,Florida,37439,542,2.5235,174.3154,21421,37439,428252,6546,1536,465691
103,X5.6.20,Florida,38002,563,2.6213,176.9367,14360,38002,442049,6776,1605,480051
104,X5.7.20,Florida,38828,826,3.8458,180.7825,12899,38828,454122,6990,1667,492950
105,X5.8.20,Florida,39199,371,1.7274,182.5099,20391,39199,474142,7157,1738,513341
106,X5.9.20,Florida,40001,802,3.7341,186.244,14390,40001,487730,7325,1785,527731
107,X5.10.20,Florida,40596,595,2.7703,189.0143,11217,40596,498352,7404,1791,538948
108,X5.11.20,Florida,40982,386,1.7972,190.8115,22109,40982,520075,7458,1805,561057
109,X5.12.20,Florida,41923,941,4.3813,195.1928,18547,41923,537681,7654,1849,579604
110,X5.13.20,Florida,42402,479,2.2302,197.423,15159,42402,552361,7835,1898,594763
111,X5.14.20,Florida,43210,808,3.762,201.1851,0,43210,565627,7993,1991,608837
112,X5.15.20,Florida,44138,928,4.3208,205.5058,14074,43210,565627,7993,1948,608837
113,X5.16.20,Florida,44811,673,3.1335,208.6393,21210,44811,585236,8393,2040,630047
114,X5.17.20,Florida,45588,777,3.6177,212.257,21745,45588,606204,8478,2049,651792
115,X5.18.20,Florida,46442,854,3.9762,216.2332,24620,46442,629970,8553,2073,676412
116,X5.19.20,Florida,46944,502,2.3373,218.5705,39443,46944,668911,8744,2129,715855
117,X5.20.20,Florida,47471,527,2.4537,221.0242,55493,47471,723877,8934,2173,771348
118,X5.21.20,Florida,48675,1204,5.6058,226.63,42581,48675,765254,9200,2222,813929
119,X5.22.20,Florida,49451,776,3.613,230.2431,21567,49451,786045,9372,2268,835496
120,X5.23.20,Florida,50127,676,3.1474,233.3905,20941,50127,806310,9567,2312,856437
121,X5.24.20,Florida,50867,740,3.4454,236.8359,14798,50867,820368,9638,2316,871235
122,X5.25.20,Florida,51746,879,4.0926,240.9285,37000,51746,856489,9681,2331,908235
123,X5.26.20,Florida,52255,509,2.3699,243.2984,14989,52255,870969,9740,2338,923224
124,X5.27.20,Florida,52634,379,1.7646,245.0631,10347,52634,880937,9899,2400,933571
125,X5.28.20,Florida,53285,651,3.031,248.0941,18045,53285,898331,10056,2446,951616
126,X5.29.20,Florida,54497,1212,5.6431,253.7372,31623,54497,928742,10243,2495,983239
127,X5.30.20,Florida,55424,927,4.3161,258.0533,11729,55424,939544,10375,2530,994968
128,X5.31.20,Florida,56163,739,3.4408,261.494,26381,56163,965186,10453,2534,1021349
129,X6.1.20,Florida,56830,667,3.1055,264.5996,19051,56830,983570,10494,2543,1040400
130,X6.2.20,Florida,57447,617,2.8727,267.4723,9352,57447,992305,10678,2613,1049752
131,X6.3.20,Florida,58764,1317,6.1319,273.6042,31161,58764,1022149,10796,2650,1080913
132,X6.4.20,Florida,60183,1419,6.6068,280.2111,26130,60183,1046860,10923,2691,1107043
133,X6.5.20,Florida,61488,1305,6.0761,286.2871,27897,61488,1073452,11066,2745,1134940
134,X6.6.20,Florida,62758,1270,5.9131,292.2002,39245,62758,1111427,11163,2773,1174185
135,X6.7.20,Florida,63938,1180,5.4941,297.6943,41973,63938,1152220,11215,2786,1216158
136,X6.8.20,Florida,64904,966,4.4977,302.192,18392,64904,1169646,11282,2798,1234550
137,X6.9.20,Florida,66000,1096,5.103,307.2949,23755,66000,1192305,11460,2851,1258305
138,X6.10.20,Florida,67371,1371,6.3834,313.6783,20718,67371,1211652,11621,2889,1279023
139,X6.11.20,Florida,69069,1698,7.9059,321.5842,27725,69069,1237679,11850,2938,1306748
140,X6.12.20,Florida,70971,1902,8.8557,330.4398,29151,70971,1264928,11986,2967,1335899
141,X6.13.20,Florida,73552,2581,12.0171,342.4569,34514,73552,1296861,12155,3016,1370413
142,X6.14.20,Florida,75568,2016,9.3865,351.8434,38602,75568,1333447,12224,3022,1409015
143,X6.15.20,Florida,77326,1758,8.1852,360.0286,21169,77326,1352858,12298,3030,1430184
144,X6.16.20,Florida,80109,2783,12.9576,372.9862,30125,80109,1380200,12489,3085,1460309
145,X6.17.20,Florida,82719,2610,12.1521,385.1383,25450,82719,1403040,12673,3110,1485759
146,X6.18.20,Florida,85926,3207,14.9317,400.0701,25553,85926,1425386,12862,3154,1511312
147,X6.19.20,Florida,89748,3822,17.7952,417.8653,21559,89748,1443123,13062,3197,1532871
148,X6.20.20,Florida,93797,4049,18.8521,436.7173,28401,93797,1467475,13227,3237,1561272
149,X6.21.20,Florida,97291,3494,16.268,452.9853,38024,97291,1502005,13325,3254,1599296
150,X6.22.20,Florida,100217,2926,13.6234,466.6087,18191,100217,1517270,13407,3266,1617487
151,X6.23.20,Florida,103503,3286,15.2996,481.9083,23265,103503,1537249,13614,3333,1640752
152,X6.24.20,Florida,109014,5511,25.6591,507.5674,27590,109014,1559328,13865,3377,1668342
153,X6.25.20,Florida,114018,5004,23.2985,530.866,52302,114018,1606626,14068,3423,1720644
154,X6.26.20,Florida,122960,8942,41.6338,572.4998,48241,122960,1645925,14281,3464,1768885