﻿Date,New Tests,Cases,Negative,Hospitalized,Deaths,Total
Wed Mar 4 2020,0,2,24,0,0,26
Thu Mar 5 2020,14,9,31,0,0,40
Fri Mar 6 2020,24,9,55,0,0,64
Sat Mar 7 2020,50,14,100,0,0,114
Sun Mar 8 2020,21,17,118,0,0,135
Mon Mar 9 2020,23,18,140,0,0,158
Tue Mar 10 2020,83,19,222,0,0,241
Wed Mar 11 2020,88,28,301,0,2,329
Thu Mar 12 2020,4,32,301,0,2,333
Fri Mar 13 2020,195,50,478,0,2,528
Sat Mar 14 2020,27,77,478,0,3,555
Sun Mar 15 2020,239,116,678,0,4,794
Mon Mar 16 2020,31,141,684,0,4,825
Tue Mar 17 2020,301,186,940,0,6,1126
Wed Mar 18 2020,413,314,1225,0,7,1539
Thu Mar 19 2020,384,390,1533,0,8,1923
Fri Mar 20 2020,467,520,1870,0,10,2390
Sat Mar 21 2020,4847,658,6579,158,12,7237
Sun Mar 22 2020,1583,830,7990,185,13,8820
Mon Mar 23 2020,3414,1171,11063,217,14,12234
Tue Mar 24 2020,2305,1412,13127,259,18,14539
Wed Mar 25 2020,2517,1682,15374,316,22,17056
Thu Mar 26 2020,9040,2355,23741,406,28,26096
Fri Mar 27 2020,4855,2765,28186,456,34,30951
Sat Mar 28 2020,8178,3763,35366,526,54,39129
Sun Mar 29 2020,4187,4246,39070,594,56,43316
Mon Mar 30 2020,10382,5473,48225,652,63,53698
Tue Mar 31 2020,6925,6338,54285,823,77,60623
Wed Apr 1 2020,5861,6955,59529,949,87,66484
Thu Apr 2 2020,10812,8010,69286,1123,128,77296
Fri Apr 3 2020,14426,9585,82137,1287,163,91722
Sat Apr 4 2020,10345,11111,90956,1462,191,102067
Sun Apr 5 2020,11337,12151,101253,1572,218,113404
Mon Apr 6 2020,9870,13324,109950,1682,236,123274
Tue Apr 7 2020,14888,14747,123415,1999,296,138162
Wed Apr 8 2020,4972,15455,127679,2062,309,143134
Thu Apr 9 2020,9415,16364,136185,2268,354,152549
Fri Apr 10 2020,10281,17531,145299,2487,390,162830
Sat Apr 11 2020,10103,18494,154439,2661,438,172933
Sun Apr 12 2020,9820,19355,163398,2772,465,182753
Mon Apr 13 2020,13454,20601,175606,2833,483,196207
Tue Apr 14 2020,6973,21367,181813,3060,537,203180
Wed Apr 15 2020,10329,22511,190998,3344,609,213509
Thu Apr 16 2020,5739,22897,196351,3460,646,219248
Fri Apr 17 2020,15589,24119,210718,3665,699,234837
Sat Apr 18 2020,11690,25269,221258,3842,754,246527
Sun Apr 19 2020,9552,25996,230083,3930,781,256079
Mon Apr 20 2020,10146,26660,239565,4010,806,266225
Tue Apr 21 2020,10834,27495,249564,4235,856,277059
Wed Apr 22 2020,11568,28309,260318,4469,910,288627
Thu Apr 23 2020,8081,28832,267876,4693,979,296708
Fri Apr 24 2020,20251,30174,286785,4888,1031,316959
Sat Apr 25 2020,16140,30839,302260,5045,1075,333099
Sun Apr 26 2020,11514,31528,313085,5155,1094,344613
Mon Apr 27 2020,11850,32138,324325,5211,1101,356463
Tue Apr 28 2020,10412,32846,334029,5266,1154,366875
Wed Apr 29 2020,6613,33193,340295,5624,1240,373488
Thu Apr 30 2020,8917,33690,348715,5795,1290,382405
Fri May 1 2020,20294,34728,367971,5795,1314,402699
Sat May 2 2020,13313,35463,380549,5945,1388,416012
Sun May 3 2020,12177,36078,392111,6244,1403,428189
Mon May 4 2020,16081,36897,407373,6329,1423,444270
Tue May 5 2020,21421,37439,428252,6546,1536,465691
Wed May 6 2020,14360,38002,442049,6776,1605,480051
Thu May 7 2020,12899,38828,454122,6990,1667,492950
Fri May 8 2020,20391,39199,474142,7157,1738,513341
Sat May 9 2020,14390,40001,487730,7325,1785,527731
Sun May 10 2020,11217,40596,498352,7404,1791,538948
Mon May 11 2020,22109,40982,520075,7458,1805,561057
Tue May 12 2020,18547,41923,537681,7654,1849,579604
Wed May 13 2020,15159,42402,552361,7835,1898,594763
Fri May 15 2020,0,43210,565627,7993,1991,608837
Thu May 14 2020,14074,43210,565627,7993,1948,608837
Sat May 16 2020,21210,44811,585236,8393,2040,630047
Sun May 17 2020,21745,45588,606204,8478,2049,651792
Mon May 18 2020,24620,46442,629970,8553,2073,676412
Tue May 19 2020,39443,46944,668911,8744,2129,715855
Wed May 20 2020,55493,47471,723877,8934,2173,771348
Thu May 21 2020,42581,48675,765254,9200,2222,813929
Fri May 22 2020,21567,49451,786045,9372,2268,835496
Sat May 23 2020,20941,50127,806310,9567,2312,856437
Sun May 24 2020,14798,50867,820368,9638,2316,871235
Mon May 25 2020,37000,51746,856489,9681,2331,908235
Tue May 26 2020,14989,52255,870969,9740,2338,923224
Wed May 27 2020,10347,52634,880937,9899,2400,933571
Thu May 28 2020,18045,53285,898331,10056,2446,951616
Fri May 29 2020,31623,54497,928742,10243,2495,983239
Sat May 30 2020,11729,55424,939544,10375,2530,994968
Sun May 31 2020,26381,56163,965186,10453,2534,1021349
Mon Jun 1 2020,19051,56830,983570,10494,2543,1040400
Tue Jun 2 2020,9352,57447,992305,10678,2613,1049752
Wed Jun 3 2020,31161,58764,1022149,10796,2650,1080913
Thu Jun 4 2020,26130,60183,1046860,10923,2691,1107043
Fri Jun 5 2020,27897,61488,1073452,11066,2745,1134940
Sat Jun 6 2020,39245,62758,1111427,11163,2773,1174185
Sun Jun 7 2020,41973,63938,1152220,11215,2786,1216158
Mon Jun 8 2020,18392,64904,1169646,11282,2798,1234550
Tue Jun 9 2020,23755,66000,1192305,11460,2851,1258305
Wed Jun 10 2020,20718,67371,1211652,11621,2889,1279023
Thu Jun 11 2020,27725,69069,1237679,11850,2938,1306748
Fri Jun 12 2020,29151,70971,1264928,11986,2967,1335899
Sat Jun 13 2020,34514,73552,1296861,12155,3016,1370413
Sun Jun 14 2020,38602,75568,1333447,12224,3022,1409015
Mon Jun 15 2020,21169,77326,1352858,12298,3030,1430184
Tue Jun 16 2020,30125,80109,1380200,12489,3085,1460309
Wed Jun 17 2020,25450,82719,1403040,12673,3110,1485759
Thu Jun 18 2020,25553,85926,1425386,12862,3154,1511312
Fri Jun 19 2020,21559,89748,1443123,13062,3197,1532871
Sat Jun 20 2020,28401,93797,1467475,13227,3237,1561272
Sun Jun 21 2020,38024,97291,1502005,13325,3254,1599296
Mon Jun 22 2020,18191,100217,1517270,13407,3266,1617487
Tue Jun 23 2020,23265,103503,1537249,13614,3333,1640752
Wed Jun 24 2020,27590,109014,1559328,13865,3377,1668342
Thu Jun 25 2020,52302,114018,1606626,14068,3423,1720644
Fri Jun 26 2020,48241,122960,1645925,14281,3464,1768885
Sat Jun 27 2020,60640,132545,1696980,14432,3489,1829525
Sun Jun 28 2020,52372,141075,1740822,14540,3518,1881897