﻿Date,New Tests,Cases,Negative,Hospitalized,Deaths,Total
Wed Mar 4 2020,0,6,48,N/A,N/A,54
Thu Mar 5 2020,44,22,76,N/A,N/A,98
Fri Mar 6 2020,27,33,92,N/A,N/A,125
Sat Mar 7 2020,43,76,92,N/A,N/A,168
Sun Mar 8 2020,29,105,92,N/A,N/A,197
Mon Mar 9 2020,37,142,92,N/A,N/A,234
Tue Mar 10 2020,31,173,92,N/A,N/A,265
Thu Mar 12 2020,0,216,92,N/A,N/A,308
Wed Mar 11 2020,43,216,92,N/A,N/A,308
Fri Mar 13 2020,2892,421,2779,N/A,N/A,3200
Sat Mar 14 2020,103,524,2779,N/A,N/A,3303
Sun Mar 15 2020,1969,729,4543,N/A,3,5272
Mon Mar 16 2020,221,950,4543,N/A,7,5493
Tue Mar 17 2020,1713,1700,5506,N/A,7,7206
Wed Mar 18 2020,7391,2382,12215,N/A,12,14597
Thu Mar 19 2020,7687,4152,18132,N/A,12,22284
Fri Mar 20 2020,10143,7102,25325,N/A,35,32427
Sat Mar 21 2020,13010,10356,35081,1531,44,45437
Sun Mar 22 2020,15964,15168,46233,2354,114,61401
Mon Mar 23 2020,16888,20875,57414,3125,114,78289
Tue Mar 24 2020,12981,25665,65605,4041,210,91270
Wed Mar 25 2020,12209,30811,72668,5126,285,103479
Thu Mar 26 2020,18625,37258,84846,6921,385,122104
Fri Mar 27 2020,23649,44635,101118,8732,519,145753
Sat Mar 28 2020,10181,52318,103616,10454,728,155934
Sun Mar 29 2020,16426,59513,112847,12695,965,172360
Mon Mar 30 2020,14108,66497,119971,14578,1218,186468
Tue Mar 31 2020,18718,75795,129391,17085,1550,205186
Wed Apr 1 2020,15694,83712,137168,19929,1941,220880
Thu Apr 2 2020,18085,92381,146584,22786,2373,238965
Fri Apr 3 2020,21555,102863,157657,26210,2935,260520
Sat Apr 4 2020,23101,113704,169917,29471,3565,283621
Sun Apr 5 2020,18659,122031,180249,32293,4159,302280
Mon Apr 6 2020,18531,130689,190122,34377,4758,320811
Tue Apr 7 2020,19247,138863,201195,36932,5489,340058
Wed Apr 8 2020,25095,149316,215837,39982,6268,365153
Thu Apr 9 2020,26396,159937,231612,42852,7067,391549
Fri Apr 10 2020,26336,170512,247373,45768,7844,417885
Sat Apr 11 2020,23095,180458,260522,48297,8627,440980
Sun Apr 12 2020,20621,188694,272907,50919,9385,461601
Mon Apr 13 2020,16756,195031,283326,52936,10056,478357
Tue Apr 14 2020,20786,202208,296935,54653,10834,499143
Wed Apr 15 2020,26869,213779,312233,56968,11586,526012
Thu Apr 16 2020,24567,222284,328295,59052,12192,550579
Fri Apr 17 2020,22644,229642,343581,61120,12822,573223
Sat Apr 18 2020,23309,236732,359800,63103,13362,596532
Sun Apr 19 2020,21023,242786,374769,64550,13869,617555
Mon Apr 20 2020,16306,247512,386349,65969,14347,633861
Tue Apr 21 2020,15464,251690,397635,67271,14828,649325
Wed Apr 22 2020,20657,257216,412766,68773,15302,669982
Thu Apr 23 2020,25938,263460,432460,70182,15740,695920
Fri Apr 24 2020,34736,271590,459066,71373,16162,730656
Sat Apr 25 2020,46912,282143,495425,72444,16599,777568
Sun Apr 26 2020,27782,288045,517305,73540,16966,805350
Mon Apr 27 2020,20745,291996,534099,74602,17303,826095
Tue Apr 28 2020,18899,295106,549888,75362,17638,844994
Wed Apr 29 2020,27487,299691,572790,76450,18015,872481
Thu Apr 30 2020,28155,304372,596264,77400,18321,900636
Fri May 1 2020,26802,308314,619124,78224,18610,927438
Sat May 2 2020,31633,312977,646094,78942,18909,959071
Sun May 3 2020,26840,316415,669496,79768,19189,985911
Mon May 4 2020,21399,318953,688357,80376,19415,1007310
Tue May 5 2020,21589,321192,707707,80918,19645,1028899
Wed May 6 2020,27022,323978,731943,81570,19877,1055921
Thu May 7 2020,33995,327649,762267,82197,20828,1089916
Fri May 8 2020,31627,330407,791136,82730,21045,1121543
Sat May 9 2020,32225,333122,820646,83285,21271,1153768
Sun May 10 2020,29230,335395,847603,83761,21478,1182998
Mon May 11 2020,21653,337055,867596,84194,21640,1204651
Tue May 12 2020,20462,338485,886628,84489,21845,1225113
Wed May 13 2020,33794,340661,918246,85008,22013,1258907
Thu May 14 2020,39850,343051,955706,85454,22170,1298757
Fri May 15 2020,39291,345813,992235,85782,22304,1338048
Sat May 16 2020,40669,348232,1030485,86207,22478,1378717
Sun May 17 2020,34679,350121,1063275,86575,22619,1413396
Mon May 18 2020,26161,351371,1088186,86901,22729,1439557
Tue May 19 2020,28182,352845,1114894,87169,22843,1467739
Wed May 20 2020,38097,354370,1151466,87459,22976,1505836
Thu May 21 2020,49219,356458,1198597,87638,23083,1555055
Fri May 22 2020,45738,358154,1242639,87843,23195,1600793
Sat May 23 2020,51268,359926,1292135,88083,23282,1652061
Sun May 24 2020,47765,361515,1338311,88324,23391,1699826
Mon May 25 2020,39623,362764,1376685,88554,23488,1739449
Tue May 26 2020,34679,363836,1410292,88686,23564,1774128
Wed May 27 2020,37416,364965,1446579,88866,23643,1811544
Thu May 28 2020,65245,366733,1510056,89042,23722,1876789
Fri May 29 2020,67341,368284,1575846,89194,23780,1944130
Sat May 30 2020,61251,369660,1635721,89400,23848,2005381
Sun May 31 2020,58444,370770,1693055,89590,23905,2063825
Mon Jun 1 2020,49952,371711,1742066,89703,23959,2113777
Tue Jun 2 2020,54054,373040,1794791,89861,24023,2167831
Wed Jun 3 2020,61642,374085,1855388,89995,24079,2229473
Thu Jun 4 2020,63559,375133,1917899,89995,24133,2293032
Fri Jun 5 2020,66480,376208,1983304,89995,24175,2359512
Sat Jun 6 2020,77895,377316,2060091,89995,24212,2437407
Sun Jun 7 2020,60435,378097,2119745,89995,24259,2497842
Mon Jun 8 2020,58054,378799,2177097,89995,24299,2555896
Tue Jun 9 2020,49973,379482,2226387,89995,24348,2605869
Wed Jun 10 2020,62297,380156,2288010,89995,24404,2668166
Thu Jun 11 2020,60839,380892,2348113,89995,24442,2729005
Fri Jun 12 2020,72395,381714,2419686,89995,24495,2801400
Sat Jun 13 2020,70840,382630,2489610,89995,24527,2872240
Sun Jun 14 2020,62359,383324,2551275,89995,24551,2934599
Mon Jun 15 2020,56611,383944,2607266,89995,24579,2991210
Tue Jun 16 2020,60568,384575,2667203,89995,24608,3051778
Wed Jun 17 2020,59341,385142,2725977,89995,24629,3111119
Thu Jun 18 2020,68541,385760,2793900,89995,24661,3179660
Fri Jun 19 2020,79303,386556,2872407,89995,24686,3258963
Sat Jun 20 2020,68830,387272,2940521,89995,24710,3327793
Sun Jun 21 2020,67526,387936,3007383,89995,24725,3395319
Mon Jun 22 2020,56780,388488,3063611,89995,24739,3452099
Tue Jun 23 2020,48709,389085,3111723,89995,24766,3500808
Wed Jun 24 2020,51144,389666,3162286,89995,24782,3551952
Thu Jun 25 2020,67642,390415,3229179,89995,24800,3619594
Fri Jun 26 2020,61723,391220,3290097,89995,24814,3681317
Sat Jun 27 2020,73262,391923,3362656,89995,24830,3754579
Sun Jun 28 2020,61906,392539,3423946,89995,24835,3816485